0 0.690594 0.142692 0.110561 0.267981
0 0.809406 0.261795 0.193069 0.109177
0 0.910066 0.091825 0.090759 0.176173
0 0.811056 0.720836 0.199670 0.094290
0 0.566007 0.728280 0.062706 0.099252
0 0.665017 0.735724 0.075908 0.114140
0 0.240924 0.760537 0.105611 0.064514
0 0.157591 0.696023 0.067657 0.039701
0 0.115512 0.657563 0.056106 0.032257
0 0.036304 0.477668 0.029703 0.029776
0 0.425743 0.642675 0.115512 0.062033
0 0.492574 0.724558 0.047855 0.151360
0 0.426568 0.390823 0.103960 0.059551
0 0.445545 0.267998 0.069307 0.210911