0 0.089934 0.636186 0.074257 0.047271
0 0.090759 0.554024 0.069307 0.058526
0 0.040429 0.555150 0.064356 0.042769
0 0.429043 0.407709 0.049505 0.126057
0 0.477723 0.193862 0.087459 0.054024
0 0.476073 0.058802 0.087459 0.063028
0 0.684818 0.668826 0.052805 0.126057
0 0.535479 0.405457 0.037954 0.108049
0 0.593234 0.404332 0.037954 0.119304
0 0.481848 0.336802 0.079208 0.056275
0 0.139439 0.197239 0.067657 0.051773
0 0.141089 0.372818 0.074257 0.042769
0 0.169967 0.530389 0.056106 0.078785
0 0.429868 0.669951 0.034653 0.123806
0 0.370462 0.531514 0.044554 0.103547
0 0.343234 0.654194 0.042904 0.105798
0 0.427393 0.529263 0.039604 0.117053
0 0.528878 0.530389 0.037954 0.119304
0 0.888614 0.802761 0.084158 0.150818
0 0.759901 0.588915 0.094059 0.065279
0 0.698845 0.411085 0.037954 0.105798
0 0.620462 0.267020 0.033003 0.123806
0 0.613036 0.666575 0.031353 0.121555
0 0.522277 0.667700 0.034653 0.123806